,0
0,0.4014240503311157
1,0.4014921188354492
2,0.03350702300667763
3,0.40149256587028503
4,0.032794006168842316
5,0.06119358167052269
6,0.032816167920827866
7,0.391977995634079
8,0.032823093235492706
9,0.04559442773461342
10,0.03322881832718849
11,0.0327974334359169
12,0.12095017731189728
13,0.4015205502510071
14,0.032793961465358734
15,0.29438579082489014
16,0.03279541805386543
17,0.033103786408901215
18,0.40149152278900146
19,0.04291895031929016
20,0.032864559441804886
21,0.032794322818517685
22,0.03279408812522888
23,0.40147706866264343
24,0.03279394656419754
25,0.3944721817970276
26,0.03386452794075012
27,0.40149515867233276
28,0.4014066755771637
29,0.1848866045475006
30,0.40131160616874695
31,0.4007502794265747
32,0.3979487717151642
33,0.40148627758026123
34,0.40095043182373047
35,0.40149158239364624
36,0.32681387662887573
37,0.09312531352043152
38,0.032881297171115875
39,0.32844096422195435
40,0.2513425350189209
41,0.03321331366896629
42,0.04402277246117592
43,0.40149015188217163
44,0.034657783806324005
45,0.037370383739471436
46,0.033487558364868164
47,0.39982321858406067
48,0.3900860846042633
49,0.3063141107559204
50,0.4012954533100128
51,0.032793961465358734
52,0.40149229764938354
53,0.4014918804168701
54,0.03456136956810951
55,0.4014902114868164
56,0.4006239175796509
57,0.40149253606796265
58,0.40136629343032837
59,0.08930046856403351
60,0.40148189663887024
61,0.10452694445848465
62,0.03279392793774605
63,0.03664553537964821
64,0.033119671046733856
65,0.03780099004507065
66,0.14969897270202637
67,0.38708972930908203
68,0.40136921405792236
69,0.037633638828992844
70,0.03279393911361694
71,0.4004800021648407
72,0.4014931619167328
73,0.4014147222042084
74,0.03279398754239082
75,0.40122905373573303
76,0.03368055820465088
77,0.40147343277931213
78,0.3177531659603119
79,0.4006493091583252
80,0.40149205923080444
81,0.31409594416618347
82,0.4009978175163269
83,0.032795120030641556
84,0.4008764624595642
85,0.40149274468421936
86,0.17785786092281342
87,0.40149158239364624
88,0.05514959990978241
89,0.032799266278743744
90,0.40147513151168823
91,0.40149280428886414
92,0.40147602558135986
93,0.03279862552881241
94,0.401469349861145
95,0.4014876186847687
96,0.40149185061454773
97,0.033144667744636536
98,0.032794322818517685
99,0.035447362810373306
100,0.39157140254974365
101,0.40149062871932983
102,0.03330639377236366
103,0.0340690016746521
104,0.37349218130111694
105,0.3213285803794861
106,0.03279398754239082
107,0.4014924466609955
108,0.032794125378131866
109,0.4012068510055542
110,0.040794987231492996
111,0.40122488141059875
112,0.40148961544036865
113,0.034345440566539764
114,0.040688421577215195
115,0.03279464691877365
116,0.032795123755931854
117,0.3851855397224426
118,0.4014945328235626
119,0.3469751179218292
120,0.39171528816223145
121,0.4014921188354492
122,0.40147891640663147
123,0.03308050334453583
124,0.40146327018737793
125,0.0328679233789444
126,0.03721209987998009
127,0.40149202942848206
128,0.4014928936958313
129,0.3808847665786743
130,0.40137895941734314
131,0.03279539570212364
132,0.40143832564353943
133,0.4014912545681
134,0.03281606361269951
135,0.40149158239364624
136,0.3980596363544464
137,0.03399748355150223
138,0.40136826038360596
139,0.039563000202178955
140,0.4004601538181305
141,0.40148863196372986
142,0.033109184354543686
143,0.03279406577348709
144,0.40056440234184265
145,0.40108293294906616
146,0.4014889597892761
147,0.40149253606796265
148,0.4002658426761627
149,0.40010008215904236
