,0
0,0.19376032054424286
1,0.19376035034656525
2,0.19376035034656525
3,0.19376035034656525
4,0.19376035034656525
5,0.19376035034656525
6,0.19376035034656525
7,0.19376035034656525
8,0.19376035034656525
9,0.19376035034656525
10,0.19376035034656525
11,0.19376035034656525
12,0.19376014173030853
13,0.19376035034656525
14,0.19376035034656525
15,0.19376035034656525
16,0.19376035034656525
17,0.19376035034656525
18,0.19376035034656525
19,0.19376035034656525
20,0.19376035034656525
21,0.19376035034656525
22,0.19376032054424286
23,0.19376035034656525
24,0.19376035034656525
25,0.1937592625617981
26,0.19376032054424286
27,0.19376035034656525
28,0.19376035034656525
29,0.19376035034656525
30,0.19376035034656525
31,0.19376032054424286
32,0.19376032054424286
33,0.19376032054424286
34,0.19376035034656525
35,0.19376035034656525
36,0.19376035034656525
37,0.19376035034656525
38,0.19376032054424286
39,0.19376035034656525
40,0.19376035034656525
41,0.19376032054424286
42,0.19376032054424286
43,0.19376035034656525
44,0.19376035034656525
45,0.19376035034656525
46,0.19376035034656525
47,0.19376035034656525
48,0.19376032054424286
49,0.19376035034656525
50,0.19376035034656525
51,0.19376035034656525
52,0.19376032054424286
53,0.19376035034656525
54,0.19376035034656525
55,0.19376035034656525
56,0.19376032054424286
57,0.19376035034656525
58,0.19376035034656525
59,0.19376035034656525
60,0.19376032054424286
61,0.19376035034656525
62,0.19376032054424286
63,0.19376032054424286
64,0.19376032054424286
65,0.19376035034656525
66,0.19376032054424286
67,0.19376026093959808
68,0.19376035034656525
69,0.19376032054424286
70,0.19376032054424286
71,0.19376035034656525
72,0.19376032054424286
73,0.19375984370708466
74,0.19376035034656525
75,0.19376035034656525
76,0.19376035034656525
77,0.19376035034656525
78,0.19376029074192047
79,0.19376035034656525
80,0.19376061856746674
81,0.19376035034656525
82,0.19376035034656525
83,0.19376035034656525
84,0.19376035034656525
85,0.19376032054424286
86,0.19376032054424286
87,0.19376032054424286
88,0.19376035034656525
89,0.19375978410243988
90,0.19376035034656525
91,0.19376035034656525
92,0.19376018643379211
93,0.19376035034656525
94,0.19376035034656525
95,0.19376035034656525
96,0.19376032054424286
97,0.19376035034656525
98,0.19376032054424286
99,0.19376035034656525
100,0.19376035034656525
101,0.19376032054424286
102,0.19376035034656525
103,0.19376036524772644
104,0.19376035034656525
105,0.19376035034656525
106,0.19376035034656525
107,0.19376040995121002
108,0.19376009702682495
109,0.19376035034656525
110,0.19376032054424286
111,0.19376035034656525
112,0.19376035034656525
113,0.19376029074192047
114,0.19376032054424286
115,0.19376035034656525
116,0.19376032054424286
117,0.19376032054424286
118,0.19376035034656525
119,0.19376035034656525
120,0.19376035034656525
121,0.19376032054424286
122,0.19376035034656525
123,0.19376035034656525
124,0.19376035034656525
125,0.19376026093959808
126,0.19376032054424286
127,0.19376032054424286
128,0.19376032054424286
129,0.19376035034656525
130,0.19376035034656525
131,0.19376035034656525
132,0.19376035034656525
133,0.19376035034656525
134,0.19376035034656525
135,0.19376029074192047
136,0.19376032054424286
137,0.19376035034656525
138,0.19376035034656525
139,0.19376035034656525
140,0.19376035034656525
141,0.19376035034656525
142,0.19376035034656525
143,0.19376035034656525
144,0.19376035034656525
145,0.19376032054424286
146,0.19376035034656525
147,0.19376035034656525
148,0.19376035034656525
149,0.19376035034656525
